PatientID	bin_1	bin_2	bin_3	bin_4	bin_5	bin_6	bin_7	bin_8	
TCGA-15-1449	0.267692	0.031399	0.077561	0.265354	0.097872	0.000688	0.232031	0.027403	
TCGA-19-5955	0.095124	0.143612	0.255549	0.063035	0.067061	0.000024	0.244482	0.131114	
TCGA-12-0662	0.188673	0.121731	0.203375	0.066103	0.068632	0.000344	0.229889	0.121253	
TCGA-06-0189	0.146193	0.137810	0.145860	0.097331	0.136341	0.001049	0.267267	0.068148	
TCGA-19-4068	0.066435	0.355322	0.315542	0.032209	0.103801	0.000000	0.074828	0.051864	
TCGA-14-1827	0.209751	0.055446	0.120907	0.124374	0.067772	0.001816	0.375158	0.044776	
TCGA-02-0009	0.079270	0.207453	0.099510	0.092554	0.104568	0.000026	0.287139	0.129480	
TCGA-14-1402	0.401301	0.065112	0.092868	0.083943	0.154899	0.001077	0.187953	0.012846	
TCGA-06-0184	0.082100	0.078221	0.186092	0.112885	0.062781	0.000287	0.274031	0.203604	
TCGA-06-0750	0.456043	0.046200	0.120518	0.108705	0.105219	0.003780	0.145187	0.014350	
TCGA-06-0208	0.390594	0.072924	0.149344	0.121121	0.124738	0.000046	0.087623	0.053609	
TCGA-19-5951	0.094738	0.137937	0.384313	0.014621	0.056361	0.001427	0.212725	0.097878	
TCGA-06-1084	0.175348	0.121966	0.181481	0.153883	0.090999	0.000043	0.214952	0.061329	
TCGA-06-0749	0.263924	0.088916	0.117101	0.060123	0.089989	0.000048	0.359281	0.020617	
TCGA-41-3915	0.486186	0.032887	0.050363	0.233567	0.156616	0.000046	0.033768	0.006567	
TCGA-14-1821	0.294714	0.083498	0.138323	0.314125	0.109593	0.000062	0.045961	0.013724	
TCGA-41-4097	0.301057	0.037394	0.038083	0.314962	0.112365	0.000023	0.179637	0.016479	
TCGA-14-0786	0.153402	0.067637	0.112525	0.099387	0.085306	0.005581	0.437017	0.039145	
TCGA-12-0619	0.138554	0.109069	0.115852	0.187560	0.102338	0.000425	0.258845	0.087356	
TCGA-02-0439	0.223310	0.199025	0.201732	0.096594	0.129258	0.000061	0.064775	0.085246	
TCGA-12-0656	0.142767	0.121572	0.171069	0.047821	0.064960	0.000396	0.366309	0.085107	
TCGA-06-0876	0.096501	0.203464	0.258508	0.076449	0.076558	0.000087	0.208969	0.079464	
TCGA-14-1396	0.262043	0.083365	0.163951	0.129360	0.102899	0.000195	0.233222	0.024966	
TCGA-41-2572	0.418526	0.050378	0.106721	0.260713	0.115581	0.000019	0.038816	0.009246	
TCGA-06-0128	0.356426	0.114264	0.283889	0.071100	0.145435	0.000145	0.016136	0.012606	
TCGA-06-0882	0.048623	0.067883	0.158914	0.185624	0.052366	0.000581	0.367432	0.118577	
TCGA-12-0691	0.343083	0.082007	0.258055	0.132497	0.064694	0.000013	0.062397	0.057254	
TCGA-06-6389	0.046721	0.112554	0.247416	0.137961	0.057696	0.000000	0.161750	0.235903	
TCGA-12-0620	0.240200	0.090928	0.219748	0.099539	0.078746	0.000899	0.207115	0.062825	
TCGA-14-0783	0.137438	0.066594	0.074935	0.175011	0.105917	0.001400	0.389051	0.049654	
TCGA-02-0321	0.284235	0.148011	0.135974	0.180785	0.195383	0.000020	0.030329	0.025264	
TCGA-02-0325	0.492299	0.065200	0.068535	0.161236	0.138507	0.000122	0.055999	0.018102	
TCGA-14-1037	0.154026	0.093011	0.134087	0.117159	0.081374	0.000586	0.339707	0.080050	
TCGA-06-6391	0.050136	0.173147	0.150023	0.147248	0.081034	0.000000	0.196061	0.202351	
TCGA-06-0158	0.223547	0.145743	0.393539	0.038197	0.084201	0.000145	0.075275	0.039354	
TCGA-06-1805	0.039528	0.277097	0.364130	0.057794	0.067280	0.000000	0.108199	0.085972	
TCGA-27-1836	0.118785	0.099690	0.086560	0.060631	0.082317	0.000948	0.351718	0.199350	
TCGA-06-0173	0.347381	0.090162	0.171794	0.171563	0.115967	0.003034	0.055182	0.044917	
TCGA-06-0195	0.502985	0.050901	0.028417	0.121103	0.236339	0.000046	0.042292	0.017917	
TCGA-14-1825	0.400843	0.047683	0.129297	0.175202	0.088404	0.000164	0.139487	0.018921	
TCGA-08-0520	0.110894	0.214856	0.256510	0.058659	0.095467	0.000166	0.206385	0.057063	
TCGA-27-1834	0.113838	0.136354	0.134393	0.035162	0.083167	0.000557	0.282156	0.214373	
TCGA-06-0648	0.316350	0.076926	0.105729	0.123038	0.122136	0.000329	0.175310	0.080182	
TCGA-06-0649	0.055901	0.037446	0.039478	0.130572	0.151096	0.000185	0.520423	0.064898	
TCGA-19-2624	0.001134	0.067834	0.004040	0.013964	0.032818	0.000000	0.721576	0.158633	
TCGA-02-0085	0.378292	0.092625	0.126275	0.130079	0.164989	0.000943	0.082669	0.024127	
TCGA-28-1755	0.252337	0.075428	0.158403	0.121957	0.110921	0.000057	0.224337	0.056560	
TCGA-06-1800	0.060986	0.150285	0.101010	0.149732	0.102951	0.000143	0.345416	0.089476	
TCGA-12-0654	0.202096	0.192236	0.186256	0.092235	0.123332	0.005163	0.127807	0.070875	
TCGA-06-0211	0.390690	0.073641	0.098521	0.143439	0.133301	0.000010	0.144901	0.015497	
TCGA-15-1447	0.167986	0.132597	0.147291	0.163461	0.121898	0.000282	0.212014	0.054472	
TCGA-19-5959	0.011558	0.180516	0.172885	0.016852	0.037822	0.000125	0.211475	0.368767	
TCGA-02-0037	0.330806	0.047555	0.083977	0.092526	0.105690	0.000072	0.319390	0.019985	
TCGA-19-2619	0.500421	0.053351	0.140716	0.139514	0.132525	0.000005	0.015886	0.017582	
TCGA-19-0955	0.002430	0.106281	0.035244	0.057956	0.057704	0.000000	0.514919	0.225467	
TCGA-02-0007	0.346044	0.073504	0.084095	0.223768	0.143096	0.000011	0.083455	0.046028	
TCGA-27-1835	0.109493	0.135567	0.141922	0.060378	0.102950	0.004495	0.359087	0.086109	
TCGA-19-2629	0.052247	0.216281	0.298108	0.074807	0.081171	0.000000	0.207168	0.070219	
TCGA-06-0127	0.177173	0.122738	0.152780	0.108500	0.091673	0.000074	0.101919	0.245143	
TCGA-19-5954	0.052694	0.147258	0.144708	0.055010	0.074167	0.000094	0.277550	0.248519	
TCGA-06-5415	0.079315	0.236479	0.210749	0.090866	0.092558	0.000000	0.165269	0.124765	
TCGA-14-1795	0.230630	0.102230	0.204783	0.081592	0.131107	0.002064	0.215149	0.032445	
TCGA-12-0618	0.195446	0.167154	0.237832	0.202896	0.105532	0.000018	0.030387	0.060736	
TCGA-27-1837	0.512366	0.033508	0.088086	0.070534	0.093079	0.000313	0.139384	0.062730	
TCGA-14-0871	0.185138	0.147650	0.122494	0.358836	0.105762	0.000384	0.047023	0.032714	
TCGA-19-0964	0.000943	0.227206	0.021165	0.011069	0.049648	0.000019	0.491215	0.198733	
TCGA-14-0813	0.348135	0.126729	0.175702	0.070697	0.158752	0.002235	0.079773	0.037976	
TCGA-06-1087	0.151224	0.188344	0.218232	0.098197	0.124470	0.000627	0.185644	0.033263	
TCGA-41-2573	0.293877	0.051149	0.065236	0.346936	0.126097	0.000002	0.083278	0.033424	
TCGA-08-0529	0.219605	0.211475	0.247234	0.059720	0.145072	0.000000	0.088938	0.027955	
TCGA-06-5417	0.110982	0.177374	0.221595	0.233883	0.094047	0.000000	0.074345	0.087774	
TCGA-19-4065	0.047592	0.441332	0.171216	0.060026	0.101901	0.000000	0.088895	0.089038	
TCGA-06-0878	0.119856	0.128452	0.146971	0.135720	0.098151	0.000016	0.261586	0.109247	
TCGA-06-0125	0.401190	0.108882	0.104557	0.097103	0.199420	0.000116	0.080375	0.008359	
TCGA-02-0014	0.369760	0.120164	0.260894	0.109714	0.111390	0.000176	0.012768	0.015134	
TCGA-27-1838	0.241993	0.119737	0.179810	0.052213	0.101145	0.000044	0.147906	0.157151	
TCGA-15-0742	0.104881	0.107818	0.170770	0.072978	0.088434	0.000036	0.386867	0.068218	
TCGA-06-0219	0.325009	0.071808	0.088529	0.058024	0.144789	0.002045	0.271483	0.038314	
TCGA-02-0451	0.388621	0.054765	0.050258	0.192387	0.193591	0.000004	0.111341	0.009032	
TCGA-02-0289	0.398681	0.057153	0.158875	0.214127	0.100890	0.000167	0.040405	0.029702	
TCGA-06-0238	0.038851	0.156935	0.092541	0.133771	0.096676	0.000113	0.327576	0.153537	
TCGA-19-1387	0.000804	0.118553	0.033257	0.003217	0.026766	0.000000	0.514187	0.303217	
TCGA-06-0241	0.262569	0.049964	0.171856	0.168569	0.077034	0.000044	0.240496	0.029468	
TCGA-27-1831	0.208274	0.086867	0.099160	0.043281	0.096318	0.001407	0.317405	0.147288	
TCGA-12-0692	0.252887	0.129426	0.352424	0.076306	0.076417	0.000180	0.064001	0.048358	
TCGA-28-1745	0.222154	0.129521	0.236769	0.072786	0.101321	0.000177	0.185010	0.052263	
TCGA-08-0517	0.197797	0.119731	0.125300	0.166561	0.116949	0.001106	0.133589	0.138967	
TCGA-02-0337	0.233893	0.210454	0.121597	0.162526	0.178369	0.001121	0.045204	0.046837	
TCGA-12-0615	0.086181	0.117107	0.129252	0.060017	0.070819	0.000452	0.447811	0.088362	
TCGA-14-1453	0.399459	0.057326	0.179528	0.166258	0.091580	0.000382	0.081694	0.023772	
TCGA-06-0187	0.360034	0.066371	0.162796	0.208570	0.103354	0.000543	0.046285	0.052047	
TCGA-14-1794	0.216329	0.097995	0.151031	0.116450	0.120745	0.000508	0.260750	0.036192	
TCGA-02-0025	0.269856	0.165322	0.153773	0.068039	0.161072	0.000093	0.135884	0.045962	
TCGA-06-0192	0.134589	0.098491	0.142774	0.184968	0.102474	0.000211	0.232919	0.103573	
TCGA-06-0190	0.079651	0.180035	0.172894	0.140414	0.120787	0.000230	0.230227	0.075762	
TCGA-06-6390	0.022517	0.065397	0.074729	0.097699	0.054894	0.004118	0.380067	0.300578	
TCGA-06-0130	0.349798	0.049946	0.131488	0.209238	0.109331	0.000043	0.132042	0.018114	
TCGA-02-0034	0.060628	0.257116	0.199173	0.045207	0.084711	0.000023	0.173186	0.179956	
TCGA-06-0881	0.015626	0.110915	0.090791	0.030696	0.085830	0.000093	0.556200	0.109849	
TCGA-06-0176	0.140156	0.049233	0.067811	0.087936	0.098599	0.000540	0.490712	0.065013	
TCGA-06-0138	0.166299	0.078907	0.139494	0.180944	0.096358	0.000153	0.279586	0.058260	
TCGA-19-1392	0.001500	0.137708	0.041815	0.058805	0.050537	0.000483	0.427017	0.282136	
TCGA-06-0745	0.123759	0.052525	0.107156	0.278845	0.066052	0.000565	0.299726	0.071372	
TCGA-06-0877	0.235805	0.066400	0.110743	0.200191	0.082767	0.000063	0.266725	0.037305	
TCGA-12-0776	0.285029	0.111019	0.162364	0.156988	0.107511	0.004167	0.128873	0.044048	
TCGA-14-0867	0.153881	0.165234	0.211403	0.134050	0.094151	0.001995	0.173760	0.065526	
TCGA-81-5910	0.125121	0.159726	0.203931	0.060212	0.094741	0.000030	0.222626	0.133613	
TCGA-19-0962	0.001392	0.037208	0.006079	0.035304	0.041383	0.003223	0.699041	0.176371	
TCGA-02-0332	0.381503	0.079723	0.241868	0.135572	0.114141	0.000368	0.023048	0.023779	
TCGA-14-1452	0.146556	0.129798	0.259915	0.129272	0.066239	0.000508	0.192445	0.075267	
TCGA-02-0330	0.424673	0.050269	0.115380	0.250710	0.107906	0.000041	0.037679	0.013342	
TCGA-06-0747	0.154746	0.212850	0.190042	0.109711	0.126930	0.000044	0.139915	0.065763	
TCGA-06-0216	0.582082	0.040995	0.075617	0.133931	0.134305	0.000468	0.009219	0.023383	
TCGA-14-1455	0.489548	0.063914	0.193189	0.069238	0.082536	0.004367	0.057805	0.039403	
TCGA-06-0686	0.038166	0.099239	0.124077	0.157501	0.061054	0.000000	0.385311	0.134651	
TCGA-27-1833	0.269524	0.103420	0.122897	0.103135	0.091335	0.000508	0.111746	0.197434	
TCGA-06-5408	0.307260	0.053804	0.055363	0.278097	0.132956	0.000000	0.142236	0.030285	
TCGA-41-3393	0.232973	0.129367	0.166705	0.154910	0.161571	0.000104	0.112544	0.041826	
TCGA-14-0817	0.427727	0.075625	0.235056	0.082717	0.107117	0.016241	0.038617	0.016901	
TCGA-14-0787	0.472665	0.104419	0.198708	0.034301	0.170788	0.000186	0.003590	0.015342	
TCGA-28-1760	0.454396	0.053554	0.215145	0.096984	0.081185	0.000375	0.081964	0.016397	
TCGA-14-1459	0.281479	0.110120	0.230065	0.124263	0.099688	0.000101	0.122856	0.031428	
TCGA-06-0156	0.409118	0.092574	0.143371	0.130115	0.146346	0.000329	0.033653	0.044492	
TCGA-02-0010	0.195763	0.114259	0.203840	0.109850	0.086389	0.000594	0.188499	0.100806	
TCGA-02-0026	0.322948	0.110391	0.181601	0.208844	0.119521	0.000034	0.020300	0.036361	
TCGA-27-1830	0.162850	0.112949	0.136594	0.043526	0.113309	0.004147	0.262989	0.163637	
TCGA-08-0525	0.028408	0.267353	0.226357	0.054913	0.063953	0.000015	0.162825	0.196176	
TCGA-02-0281	0.357690	0.078189	0.107082	0.215888	0.135935	0.003025	0.059973	0.042219	
TCGA-06-1801	0.004998	0.083860	0.059747	0.069635	0.048369	0.000000	0.543975	0.189416	
TCGA-19-5952	0.298687	0.066922	0.168027	0.028783	0.080633	0.000044	0.228034	0.128869	
TCGA-06-0645	0.121506	0.099031	0.194222	0.277567	0.074776	0.000000	0.168891	0.064007	
TCGA-06-0744	0.277610	0.087903	0.193892	0.245714	0.095255	0.000777	0.081658	0.017192	
TCGA-19-2625	0.000294	0.034381	0.013224	0.042316	0.038202	0.000000	0.511607	0.359977	
TCGA-06-5858	0.086218	0.137573	0.095514	0.146850	0.119236	0.000109	0.270177	0.144325	
TCGA-06-0124	0.324337	0.091581	0.173180	0.121120	0.126897	0.002016	0.093658	0.067211	
TCGA-02-0001	0.292484	0.127109	0.112905	0.116943	0.154931	0.000488	0.147382	0.047759	
TCGA-28-1746	0.543736	0.010299	0.023660	0.298115	0.119575	0.000110	0.003525	0.000982	
TCGA-87-5896	0.092694	0.191902	0.182087	0.050651	0.109597	0.000000	0.283160	0.089910	
TCGA-06-0209	0.398913	0.096075	0.150643	0.110476	0.196219	0.004076	0.031515	0.012083	
TCGA-06-0168	0.343166	0.070261	0.097359	0.197803	0.126136	0.000537	0.103834	0.060903	
TCGA-06-0174	0.182227	0.145736	0.221527	0.110309	0.100939	0.000230	0.101631	0.137400	
TCGA-06-0214	0.372446	0.060313	0.128835	0.136014	0.100470	0.000610	0.102356	0.098955	
TCGA-14-1823	0.189416	0.074964	0.142084	0.217270	0.076289	0.000061	0.241876	0.058039	
TCGA-02-0033	0.250363	0.136548	0.117530	0.182279	0.148133	0.001211	0.091651	0.072284	
TCGA-19-2623	0.008044	0.259746	0.194055	0.017889	0.072123	0.000000	0.379672	0.068470	
TCGA-12-0769	0.222600	0.150377	0.365272	0.053697	0.070401	0.000121	0.083868	0.053664	
TCGA-14-1458	0.185026	0.044215	0.258364	0.102806	0.044191	0.000182	0.264766	0.100451	
TCGA-06-0237	0.085334	0.207954	0.251701	0.044217	0.136994	0.002273	0.197677	0.073850	
TCGA-02-0339	0.355852	0.053620	0.228656	0.074257	0.080896	0.000093	0.137588	0.069039	
TCGA-06-0743	0.243325	0.122612	0.245558	0.122971	0.110103	0.001629	0.126294	0.027507	
TCGA-06-0210	0.167328	0.146380	0.267197	0.068721	0.080306	0.000885	0.145296	0.123886	
TCGA-08-0518	0.137775	0.212113	0.284644	0.040758	0.110421	0.000350	0.150903	0.063035	
TCGA-08-0352	0.341896	0.111694	0.117854	0.190997	0.146349	0.007902	0.060908	0.022400	
TCGA-06-5418	0.064706	0.278982	0.359870	0.051695	0.070474	0.000000	0.088514	0.085759	
TCGA-06-0201	0.067930	0.266558	0.359859	0.034689	0.094749	0.000818	0.111748	0.063649	
TCGA-14-1034	0.104268	0.105361	0.139306	0.143472	0.082409	0.000752	0.343393	0.081039	
TCGA-06-0148	0.348644	0.121673	0.194129	0.105373	0.148165	0.000135	0.034574	0.047307	
TCGA-06-0221	0.379233	0.070500	0.216486	0.194403	0.094963	0.000093	0.030814	0.013509	
TCGA-02-0004	0.424412	0.055345	0.146017	0.224786	0.134886	0.000328	0.009720	0.004505	
TCGA-41-2571	0.382043	0.077691	0.121555	0.106428	0.132619	0.000343	0.167523	0.011798	
TCGA-06-5859	0.088003	0.127040	0.081076	0.110365	0.106682	0.000000	0.216687	0.270147	
TCGA-41-3392	0.501009	0.046816	0.083995	0.198030	0.130322	0.000033	0.025318	0.014478	
TCGA-12-0780	0.381976	0.080184	0.311541	0.127750	0.081013	0.000039	0.006855	0.010642	
TCGA-28-1750	0.646222	0.015809	0.062419	0.169118	0.103156	0.000118	0.002031	0.001127	
TCGA-14-1829	0.322208	0.046960	0.106898	0.196613	0.074377	0.000150	0.202755	0.050040	
TCGA-06-0206	0.487561	0.072817	0.120891	0.119312	0.144194	0.000509	0.044022	0.010693	
TCGA-19-2620	0.164072	0.232806	0.198530	0.015588	0.173215	0.000000	0.189185	0.026604	
TCGA-19-2631	0.000873	0.279116	0.020034	0.007366	0.050039	0.000000	0.430489	0.212084	
TCGA-06-0143	0.168939	0.125124	0.199808	0.070175	0.091592	0.000533	0.275447	0.068383	
TCGA-19-1386	0.007336	0.148412	0.038809	0.008143	0.067200	0.000587	0.631208	0.098305	
TCGA-06-5413	0.374574	0.087646	0.109247	0.132748	0.131662	0.000000	0.098525	0.065598	
TCGA-06-0185	0.391451	0.052940	0.148723	0.174691	0.097569	0.000142	0.095094	0.039389	
TCGA-06-0879	0.317715	0.073011	0.157988	0.198673	0.091908	0.000043	0.134643	0.026018	
TCGA-02-0266	0.396852	0.119876	0.209293	0.128155	0.120848	0.000023	0.008579	0.016373	
TCGA-06-0126	0.196315	0.094960	0.260587	0.141302	0.073574	0.012581	0.130128	0.090553	
TCGA-08-0524	0.072098	0.161042	0.108764	0.251441	0.086002	0.000037	0.113044	0.207572	
TCGA-41-5651	0.200583	0.127838	0.082681	0.304297	0.158269	0.000025	0.060134	0.066174	
TCGA-06-0145	0.350735	0.110414	0.155968	0.156125	0.127303	0.000164	0.045772	0.053518	
TCGA-06-0157	0.655098	0.031499	0.048957	0.068903	0.182885	0.001083	0.005168	0.006407	
TCGA-06-0171	0.278540	0.125327	0.162671	0.100287	0.131690	0.000228	0.146389	0.054868	
TCGA-12-0775	0.318722	0.110946	0.217723	0.113993	0.125034	0.000057	0.081911	0.031614	
TCGA-19-5947	0.012284	0.118919	0.136968	0.026213	0.078701	0.000929	0.539351	0.086635	
TCGA-02-0024	0.197427	0.051636	0.118675	0.287794	0.065078	0.000250	0.202831	0.076309	
TCGA-06-0213	0.249168	0.080784	0.419376	0.045760	0.086114	0.016522	0.079005	0.023272	
TCGA-06-0147	0.287000	0.110828	0.273266	0.015291	0.117059	0.001078	0.172458	0.023019	
TCGA-02-0003	0.466429	0.070021	0.079667	0.202024	0.151966	0.000002	0.014731	0.015161	
TCGA-02-0006	0.337397	0.113355	0.216972	0.107053	0.110053	0.000212	0.081816	0.033141	
TCGA-06-0644	0.338084	0.134814	0.091377	0.151268	0.219724	0.000068	0.047297	0.017368	
TCGA-19-5956	0.060938	0.169645	0.194212	0.155036	0.077265	0.000000	0.157366	0.185538	
TCGA-02-0333	0.648453	0.020292	0.070152	0.124191	0.123924	0.000294	0.010528	0.002165	
TCGA-06-0178	0.165171	0.078113	0.234549	0.133128	0.063540	0.000129	0.242025	0.083345	
TCGA-02-0023	0.621872	0.054702	0.150752	0.026895	0.140369	0.000208	0.001275	0.003927	
TCGA-15-1446	0.445354	0.012901	0.034237	0.235709	0.095200	0.000031	0.160353	0.016217	
TCGA-06-5416	0.282717	0.083599	0.197128	0.217618	0.101382	0.000000	0.089012	0.028546	
TCGA-19-5953	0.031305	0.152158	0.146408	0.051841	0.072334	0.000535	0.341567	0.203853	
TCGA-02-0015	0.243343	0.090859	0.223967	0.239255	0.092130	0.001536	0.070302	0.038608	
TCGA-12-0657	0.148683	0.191684	0.204259	0.040686	0.093386	0.000477	0.228696	0.092130	
TCGA-02-0440	0.444595	0.048545	0.107838	0.150914	0.142027	0.000356	0.086677	0.019047	
TCGA-14-1401	0.052048	0.081828	0.108890	0.069539	0.057036	0.008679	0.487688	0.134293	
TCGA-12-0688	0.227330	0.136354	0.246061	0.083455	0.084319	0.003417	0.166467	0.052598	
TCGA-12-0707	0.172432	0.130219	0.234858	0.165452	0.065815	0.000106	0.106061	0.125056	
TCGA-28-1749	0.206190	0.078071	0.095495	0.162845	0.085479	0.000000	0.314892	0.057027	
TCGA-12-0772	0.298173	0.107996	0.244465	0.147996	0.090990	0.001714	0.072959	0.035708	
TCGA-06-0197	0.071493	0.122907	0.288673	0.087122	0.075906	0.000475	0.280874	0.072549	
TCGA-06-5410	0.094811	0.119604	0.165458	0.062836	0.113978	0.001069	0.369366	0.072878	
TCGA-12-0778	0.236399	0.104822	0.178010	0.092868	0.082738	0.000202	0.237129	0.067833	
TCGA-06-0137	0.239690	0.109080	0.143706	0.080914	0.116756	0.000630	0.266074	0.043151	
TCGA-19-1789	0.005035	0.312490	0.086731	0.013643	0.068865	0.000000	0.288290	0.224947	
TCGA-02-0338	0.493595	0.052530	0.096965	0.173718	0.171596	0.000053	0.005321	0.006222	
TCGA-02-0326	0.052684	0.186530	0.230570	0.069988	0.102691	0.000010	0.247792	0.109734	
TCGA-06-0129	0.250605	0.097473	0.339273	0.196260	0.077668	0.000009	0.024466	0.014246	
TCGA-81-5911	0.007457	0.244360	0.177653	0.035650	0.044177	0.000000	0.210849	0.279853	
TCGA-06-6388	0.070671	0.180613	0.225278	0.052077	0.091275	0.000148	0.207087	0.172849	
TCGA-02-0021	0.447064	0.097893	0.173394	0.106606	0.144821	0.000439	0.019423	0.010362	
TCGA-02-0258	0.603803	0.025010	0.037875	0.229271	0.100141	0.000019	0.001158	0.002723	
TCGA-27-1832	0.326352	0.105545	0.210686	0.045300	0.113066	0.000186	0.093961	0.104904	
TCGA-06-5411	0.108424	0.151756	0.118161	0.169354	0.109195	0.000000	0.160328	0.182782	
TCGA-06-0152	0.074838	0.142495	0.078502	0.075705	0.148000	0.000186	0.399010	0.081264	
TCGA-02-0317	0.474330	0.055738	0.149813	0.124584	0.142923	0.000584	0.040485	0.011543	
TCGA-28-1752	0.144321	0.047990	0.080612	0.251994	0.083511	0.000045	0.282199	0.109328	
TCGA-06-0154	0.248692	0.124348	0.230210	0.081823	0.096995	0.000466	0.085809	0.131657	
TCGA-02-0269	0.449692	0.071688	0.156649	0.149911	0.124733	0.000507	0.032970	0.013850	
TCGA-08-0521	0.466462	0.069546	0.183957	0.116665	0.109407	0.000006	0.033988	0.019969	
TCGA-12-0616	0.341038	0.052423	0.103553	0.128812	0.096737	0.000529	0.236947	0.039960	
TCGA-06-0166	0.092609	0.149941	0.239043	0.037314	0.072430	0.000034	0.092049	0.316580	
TCGA-06-5414	0.010995	0.267517	0.219351	0.029564	0.061482	0.000000	0.207057	0.204036	
TCGA-06-5856	0.051483	0.130011	0.184702	0.109449	0.068681	0.000000	0.234169	0.221504	
TCGA-28-1757	0.195011	0.111872	0.234766	0.127015	0.102103	0.000292	0.138213	0.090727	
TCGA-06-0133	0.321625	0.081936	0.161759	0.156328	0.117405	0.000018	0.132655	0.028275	
TCGA-41-2575	0.404547	0.055888	0.143340	0.180960	0.099319	0.000037	0.098044	0.017865	
TCGA-06-1802	0.031086	0.210158	0.190893	0.056918	0.048599	0.000000	0.292032	0.170315	
TCGA-06-0141	0.371335	0.090388	0.164841	0.095062	0.163704	0.000656	0.074861	0.039153	
TCGA-12-0773	0.362509	0.105882	0.173752	0.136633	0.112076	0.004563	0.077972	0.026614	
TCGA-14-0789	0.124839	0.169519	0.227234	0.051829	0.075163	0.002511	0.137534	0.211371	
TCGA-06-0875	0.384101	0.072457	0.208130	0.186347	0.103124	0.000107	0.030916	0.014818	
TCGA-06-0122	0.057873	0.156289	0.159898	0.102060	0.085874	0.000016	0.329053	0.108937	
TCGA-06-0646	0.132200	0.111033	0.161315	0.116500	0.074944	0.000304	0.302076	0.101629	
TCGA-06-1086	0.265747	0.103057	0.096579	0.294527	0.134872	0.000013	0.074198	0.031007	
TCGA-12-0703	0.038511	0.139647	0.122945	0.052651	0.048901	0.000926	0.334144	0.262275	
TCGA-06-0188	0.048932	0.058430	0.122060	0.084253	0.043314	0.000482	0.460287	0.182243	
TCGA-06-0169	0.644497	0.038380	0.135666	0.056669	0.112013	0.000000	0.007902	0.004873	
TCGA-06-5412	0.042927	0.114628	0.077229	0.060148	0.070603	0.000000	0.273929	0.360534	
TCGA-28-1751	0.134045	0.076471	0.147554	0.145066	0.112202	0.000102	0.322094	0.062465	
TCGA-06-0139	0.157595	0.068300	0.078907	0.101675	0.141391	0.001352	0.407053	0.043728	
TCGA-FG-6688	0.008843	0.068363	0.127212	0.009957	0.022773	0.000528	0.341490	0.420834	
TCGA-FG-7643	0.094018	0.129352	0.414142	0.038176	0.054444	0.000086	0.164086	0.105695	
TCGA-DB-A4XG	0.225113	0.096604	0.100788	0.205174	0.125014	0.000022	0.083987	0.163297	
TCGA-DU-5855	0.154319	0.215619	0.367543	0.088604	0.095329	0.000000	0.044404	0.034182	
TCGA-DU-6397	0.290312	0.132982	0.255986	0.061362	0.110806	0.000000	0.108342	0.040209	
TCGA-DU-6401	0.144966	0.210020	0.360552	0.069127	0.099142	0.000000	0.070876	0.045316	
TCGA-CS-4943	0.511057	0.061551	0.142438	0.130225	0.124143	0.000536	0.024614	0.005437	
TCGA-DU-6395	0.032274	0.281269	0.450665	0.014751	0.063979	0.000006	0.078108	0.078948	
TCGA-HT-7468	0.510949	0.076455	0.180844	0.059948	0.154604	0.000048	0.007848	0.009303	
TCGA-FG-5963	0.012635	0.066411	0.119761	0.018503	0.033721	0.000901	0.566912	0.181156	
TCGA-S9-A6WQ	0.242349	0.090511	0.264227	0.017905	0.078231	0.001319	0.114470	0.190988	
TCGA-CS-6667	0.747753	0.018865	0.060180	0.050241	0.121540	0.000004	0.000683	0.000734	
TCGA-S9-A6TU	0.415470	0.043071	0.186835	0.059234	0.081111	0.000049	0.195234	0.018996	
TCGA-S9-A6WM	0.334514	0.056856	0.142440	0.106096	0.094129	0.000011	0.127893	0.138062	
TCGA-FG-8188	0.149006	0.114316	0.405669	0.046422	0.063520	0.000977	0.092074	0.128016	
TCGA-HW-8319	0.007380	0.142248	0.197298	0.064835	0.045154	0.000002	0.158875	0.384207	
TCGA-QH-A65S	0.007723	0.109085	0.146548	0.009477	0.025604	0.000198	0.150813	0.550552	
TCGA-QH-A65X	0.008302	0.174102	0.054026	0.003312	0.030949	0.000424	0.111150	0.617735	
TCGA-FG-A6J1	0.034656	0.158895	0.273097	0.036180	0.046269	0.000047	0.146323	0.304533	
TCGA-HW-7486	0.119447	0.060630	0.128991	0.090269	0.059851	0.002491	0.385579	0.152743	
TCGA-S9-A6WN	0.410389	0.065536	0.238720	0.021008	0.086199	0.000000	0.152690	0.025459	
TCGA-FG-A60K	0.193939	0.082111	0.400902	0.028432	0.062444	0.000177	0.089199	0.142798	
TCGA-S9-A7IY	0.310229	0.102343	0.173104	0.029930	0.113905	0.000051	0.172318	0.098120	
TCGA-S9-A6WG	0.798349	0.006692	0.080148	0.031663	0.078587	0.000292	0.001541	0.002726	
TCGA-S9-A6U6	0.827901	0.005623	0.036084	0.036738	0.091715	0.000040	0.000548	0.001351	
TCGA-S9-A7R1	0.242726	0.122582	0.198897	0.039314	0.092705	0.000501	0.086609	0.216666	
TCGA-CS-4938	0.304651	0.055019	0.482377	0.028034	0.057571	0.000000	0.049460	0.022888	
TCGA-DU-8168	0.035145	0.268847	0.265377	0.042356	0.065465	0.000000	0.085208	0.237601	
TCGA-QH-A6X9	0.133569	0.081150	0.121770	0.028378	0.060190	0.000243	0.198173	0.376526	
TCGA-DU-6394	0.224208	0.185760	0.242864	0.042410	0.122688	0.000000	0.122161	0.059909	
TCGA-S9-A6U1	0.685369	0.012426	0.073209	0.050960	0.116414	0.000294	0.037572	0.023756	
TCGA-DU-8166	0.000995	0.128733	0.083029	0.011778	0.024137	0.000000	0.153534	0.597794	
TCGA-FG-8185	0.430332	0.050889	0.116552	0.228855	0.119547	0.000050	0.041653	0.012122	
TCGA-S9-A7IX	0.464462	0.064499	0.126688	0.013672	0.179516	0.002379	0.134875	0.013910	
TCGA-DU-5847	0.132204	0.108213	0.139523	0.041673	0.111047	0.000000	0.426074	0.041267	
TCGA-DU-5852	0.041941	0.186004	0.276719	0.021997	0.061229	0.000000	0.211231	0.200879	
TCGA-QH-A6X5	0.010843	0.129813	0.099347	0.004436	0.022525	0.000958	0.190152	0.541926	
TCGA-TM-A7CF	0.026807	0.093824	0.213275	0.012117	0.059618	0.000000	0.507613	0.086747	
TCGA-S9-A6TV	0.241807	0.124189	0.175388	0.029004	0.092889	0.000000	0.218957	0.117766	
TCGA-DU-6400	0.154454	0.187380	0.436528	0.053067	0.092313	0.000000	0.045438	0.030819	
TCGA-S9-A6TS	0.618562	0.026645	0.150012	0.124915	0.078676	0.000007	0.000747	0.000437	
TCGA-FG-6690	0.017896	0.095731	0.174313	0.082008	0.030981	0.000033	0.296004	0.303033	
TCGA-HW-7489	0.137797	0.060142	0.202452	0.069826	0.079404	0.000622	0.341603	0.108154	
TCGA-DU-5874	0.060804	0.139854	0.334847	0.045068	0.054278	0.000000	0.129439	0.235711	
TCGA-CS-5396	0.479414	0.060728	0.186714	0.106456	0.125375	0.000265	0.024280	0.016768	
TCGA-DU-6399	0.020305	0.369203	0.445208	0.011733	0.049775	0.000000	0.036146	0.067631	
TCGA-CS-5390	0.533839	0.054234	0.214790	0.064021	0.104105	0.000188	0.016948	0.011875	
TCGA-HW-7487	0.173114	0.085157	0.137319	0.084151	0.081737	0.000101	0.193921	0.244501	
TCGA-EZ-7264	0.040398	0.164759	0.363567	0.028849	0.039374	0.000004	0.095454	0.267594	
TCGA-FG-8182	0.002285	0.061148	0.143371	0.003005	0.015488	0.000000	0.331006	0.443697	
TCGA-CS-6668	0.326918	0.078237	0.145619	0.129932	0.107038	0.000010	0.123354	0.088893	
TCGA-DU-8164	0.001468	0.084827	0.055104	0.013271	0.033209	0.000000	0.415999	0.396123	
TCGA-QH-A6CY	0.030205	0.078181	0.092001	0.017650	0.044612	0.000021	0.259977	0.477352	
TCGA-S9-A7IQ	0.626101	0.026456	0.116091	0.022467	0.086635	0.001158	0.021844	0.099248	
TCGA-QH-A6X8	0.003200	0.099859	0.015785	0.001600	0.026805	0.000224	0.209739	0.642788	
TCGA-S9-A6U5	0.246045	0.089404	0.190347	0.002803	0.117111	0.001652	0.251065	0.101573	
TCGA-DB-A4XD	0.005500	0.165189	0.264021	0.022265	0.038394	0.000000	0.208783	0.295848	
TCGA-S9-A6U9	0.039204	0.043555	0.099390	0.060258	0.054459	0.001048	0.489966	0.212120	
TCGA-HW-8321	0.001675	0.159003	0.083115	0.008755	0.028869	0.000003	0.168778	0.549803	
TCGA-CS-5394	0.506711	0.069374	0.155053	0.109593	0.134698	0.000006	0.015927	0.008639	
TCGA-FG-7636	0.034543	0.163239	0.280621	0.052948	0.052566	0.000044	0.096341	0.319698	
TCGA-HT-7607	0.808179	0.009345	0.066051	0.034857	0.079218	0.000023	0.001438	0.000890	
TCGA-CS-6290	0.602123	0.042792	0.104663	0.122582	0.102129	0.000067	0.017461	0.008183	
TCGA-S9-A7R8	0.137526	0.036404	0.051990	0.016422	0.081778	0.045690	0.550568	0.079622	
TCGA-FG-8191	0.018786	0.092651	0.174028	0.029633	0.044333	0.000037	0.196584	0.443947	
TCGA-DB-A4XC	0.025745	0.066666	0.559001	0.014025	0.029131	0.000000	0.215925	0.089506	
TCGA-S9-A6WO	0.598111	0.024632	0.160109	0.020158	0.101173	0.000045	0.090326	0.005446	
TCGA-HT-7875	0.406751	0.099535	0.289254	0.023784	0.145556	0.000000	0.023723	0.011397	
TCGA-S9-A6WH	0.119109	0.178511	0.162392	0.028053	0.091143	0.001901	0.146759	0.272132	
TCGA-S9-A6WD	0.477474	0.018962	0.080375	0.010141	0.073518	0.004534	0.307761	0.027234	
TCGA-DU-6405	0.127242	0.264168	0.328817	0.031172	0.118014	0.000000	0.088369	0.042218	
TCGA-FG-A4MT	0.289200	0.047460	0.234746	0.117896	0.070964	0.000764	0.110398	0.128571	
TCGA-HT-7873	0.589713	0.036810	0.066246	0.167208	0.135648	0.000000	0.002125	0.002250	
TCGA-FG-5962	0.054138	0.180040	0.251168	0.031000	0.059307	0.002515	0.233693	0.188140	
TCGA-DU-5853	0.015137	0.059578	0.077383	0.085912	0.037348	0.000000	0.505447	0.219195	
TCGA-CS-6188	0.030042	0.134506	0.115122	0.076496	0.078509	0.000496	0.338238	0.226591	
TCGA-FG-8186	0.520343	0.021882	0.056561	0.232638	0.141976	0.000295	0.007310	0.018995	
TCGA-HW-A5KM	0.039130	0.212971	0.382536	0.089166	0.074251	0.000013	0.083579	0.118353	
TCGA-DB-5274	0.173679	0.113159	0.120631	0.205548	0.116813	0.000003	0.082180	0.187986	
TCGA-FG-6691	0.005662	0.087334	0.268086	0.011052	0.016812	0.000123	0.245243	0.365688	
TCGA-DU-6402	0.048655	0.267003	0.345843	0.076666	0.084329	0.000000	0.092467	0.085035	
TCGA-HW-8320	0.016765	0.148616	0.278135	0.038670	0.039195	0.000061	0.233414	0.245144	
TCGA-DU-8158	0.131544	0.217903	0.250742	0.041175	0.106288	0.000000	0.169231	0.083117	
TCGA-S9-A7QZ	0.531316	0.059386	0.061191	0.073968	0.174854	0.000255	0.034919	0.064113	
TCGA-QH-A6CX	0.057516	0.117185	0.148831	0.011193	0.044707	0.000033	0.192968	0.427567	
TCGA-S9-A7J3	0.647295	0.029414	0.089654	0.020193	0.152433	0.000282	0.034328	0.026401	
TCGA-CS-4944	0.545770	0.034068	0.091966	0.128356	0.111016	0.001548	0.043881	0.043395	
TCGA-QH-A6XC	0.048897	0.103913	0.049841	0.011115	0.058629	0.000078	0.275275	0.452251	
TCGA-FG-8181	0.102814	0.085071	0.269508	0.085002	0.055104	0.000025	0.243537	0.158939	
TCGA-FG-7637	0.042739	0.057290	0.216809	0.019435	0.034142	0.000185	0.337526	0.291875	
TCGA-HW-7495	0.001633	0.061558	0.063392	0.012436	0.020552	0.000151	0.304450	0.535827	
TCGA-DU-8165	0.063919	0.099964	0.125976	0.123804	0.079950	0.000000	0.356519	0.149868	
TCGA-HT-A4DS	0.234144	0.110565	0.172857	0.107793	0.112708	0.000011	0.141443	0.120478	
TCGA-HW-A5KL	0.012924	0.177191	0.326096	0.052504	0.034357	0.000891	0.198513	0.197524	
TCGA-S9-A6TZ	0.403949	0.085951	0.294678	0.052769	0.092950	0.000352	0.060894	0.008458	
TCGA-DU-5854	0.024266	0.341445	0.176857	0.039697	0.081526	0.000000	0.164724	0.171486	
TCGA-DB-5280	0.620249	0.010561	0.025335	0.166882	0.073511	0.000026	0.074792	0.028645	
TCGA-DU-6409	0.172859	0.237312	0.266286	0.024439	0.124144	0.000065	0.125778	0.049116	
TCGA-S9-A7J1	0.276300	0.122883	0.146462	0.024345	0.130891	0.000103	0.124069	0.174948	
TCGA-DB-A4XH	0.048026	0.089923	0.236597	0.043037	0.047812	0.000000	0.207770	0.326834	
TCGA-HT-A4DV	0.485328	0.062438	0.278454	0.052657	0.098389	0.000004	0.016430	0.006300	
TCGA-DU-5870	0.009177	0.226022	0.213621	0.017347	0.041361	0.000000	0.255114	0.237358	
TCGA-TM-A7C4	0.281181	0.069649	0.364192	0.084397	0.088908	0.000000	0.071255	0.040417	
TCGA-HT-7877	0.778724	0.009153	0.080161	0.039425	0.074772	0.000005	0.015321	0.002439	
TCGA-IK-7675	0.548809	0.028060	0.118149	0.191713	0.072820	0.000000	0.035020	0.005428	
TCGA-S9-A6TY	0.049075	0.078442	0.075521	0.019966	0.051726	0.000588	0.366849	0.357833	
TCGA-CS-6669	0.437966	0.064147	0.138235	0.071701	0.116032	0.000071	0.061751	0.110098	
TCGA-QH-A6X3	0.010246	0.079878	0.130980	0.001614	0.021339	0.000042	0.211320	0.544581	
TCGA-QH-A6CW	0.028316	0.098556	0.303744	0.011213	0.031808	0.000016	0.121402	0.404945	
TCGA-CS-4942	0.548037	0.026542	0.312467	0.028058	0.067322	0.000000	0.013603	0.003971	
TCGA-CS-5397	0.698975	0.018400	0.047720	0.097907	0.126970	0.000043	0.006212	0.003772	
TCGA-FN-7833	0.056881	0.054534	0.150486	0.055907	0.052010	0.000003	0.412640	0.217540	
TCGA-DB-5281	0.163566	0.063509	0.212142	0.254735	0.082648	0.000122	0.166088	0.057190	
TCGA-S9-A6WE	0.053067	0.033280	0.272871	0.000324	0.022444	0.000237	0.506736	0.111041	
TCGA-DB-A4XB	0.257518	0.056845	0.156489	0.174969	0.098026	0.000153	0.177172	0.078827	
TCGA-DU-6404	0.089952	0.288948	0.327645	0.093098	0.101667	0.000000	0.034141	0.064549	
TCGA-FG-A4MX	0.224385	0.094199	0.242302	0.092077	0.075008	0.000129	0.124170	0.147729	
TCGA-FG-6689	0.015499	0.099448	0.180138	0.022539	0.035799	0.000097	0.328572	0.317908	
TCGA-QH-A6XA	0.032488	0.071122	0.211991	0.001171	0.024042	0.000025	0.203414	0.455748	
TCGA-FG-5965	0.005985	0.098158	0.099810	0.010759	0.026344	0.000207	0.296669	0.462067	
TCGA-DU-6410	0.098710	0.210003	0.212785	0.137356	0.097019	0.000000	0.043535	0.200593	
TCGA-FG-A6J3	0.188224	0.178383	0.369862	0.073739	0.113713	0.000012	0.041182	0.034885	
TCGA-S9-A6UA	0.009259	0.027778	0.138889	0.000000	0.027778	0.000000	0.689815	0.106481	
TCGA-FG-A4MY	0.046202	0.115933	0.311865	0.043942	0.044750	0.000000	0.114911	0.322397	
TCGA-S9-A7J0	0.158703	0.074892	0.055955	0.137990	0.120843	0.000231	0.349269	0.102118	
TCGA-DU-8162	0.001591	0.103340	0.016155	0.064470	0.062332	0.000000	0.258724	0.493389	
TCGA-QH-A6CZ	0.014779	0.096419	0.051535	0.005809	0.043468	0.000296	0.296524	0.491170	
TCGA-CS-6670	0.438826	0.057497	0.175891	0.128349	0.112579	0.001025	0.054211	0.031622	
TCGA-FG-A60J	0.175777	0.057234	0.324937	0.033841	0.056469	0.000011	0.129101	0.222629	
TCGA-FG-7641	0.285030	0.079541	0.274129	0.102499	0.108124	0.000007	0.114302	0.036368	
TCGA-DB-5270	0.249775	0.048008	0.097321	0.185382	0.106667	0.000078	0.207805	0.104963	
TCGA-DU-5850	0.031040	0.297871	0.265099	0.078663	0.064356	0.000000	0.088713	0.174257	
TCGA-DU-6403	0.066315	0.303729	0.402825	0.031542	0.079647	0.000000	0.053347	0.062595	
TCGA-DU-5871	0.039918	0.121123	0.222364	0.118682	0.054545	0.000000	0.179238	0.264130	
TCGA-HT-7880	0.434516	0.067872	0.319676	0.028226	0.115014	0.000000	0.026692	0.008002	
TCGA-HT-7884	0.702171	0.034665	0.071009	0.070169	0.119947	0.000000	0.000840	0.001199	
TCGA-DU-6392	0.058918	0.229360	0.293406	0.106672	0.073749	0.000000	0.102064	0.135831	
TCGA-DU-5848	0.006073	0.274636	0.227681	0.020619	0.040550	0.000000	0.079899	0.350542	
TCGA-DU-5846	0.040826	0.341921	0.107706	0.130794	0.138703	0.000000	0.153514	0.086537	
TCGA-CS-6666	0.426302	0.055178	0.150634	0.203024	0.109369	0.000012	0.038460	0.017019	
TCGA-DB-5277	0.042060	0.106287	0.097620	0.132640	0.076350	0.000422	0.315825	0.228796	
TCGA-S9-A7QX	0.753140	0.017022	0.082411	0.033239	0.102554	0.000483	0.007002	0.004149	
TCGA-DU-6542	0.174113	0.099502	0.189694	0.195033	0.080199	0.000000	0.142387	0.119072	
TCGA-DU-5849	0.016172	0.079134	0.070022	0.043032	0.051160	0.000039	0.281262	0.459178	
TCGA-TM-A7CA	0.489073	0.058340	0.263368	0.011939	0.082399	0.004489	0.058847	0.031543	
TCGA-S9-A7QY	0.617221	0.039527	0.084604	0.048179	0.159418	0.002741	0.008456	0.039854	
TCGA-HW-8322	0.004242	0.175979	0.092968	0.014142	0.035509	0.000065	0.156215	0.520880	
TCGA-S9-A6TW	0.717298	0.021558	0.067303	0.035379	0.106974	0.000278	0.024329	0.026882	
TCGA-S9-A6WI	0.386841	0.030920	0.133307	0.014515	0.088163	0.006196	0.311427	0.028632	
TCGA-HW-7490	0.096607	0.145359	0.153145	0.200860	0.115220	0.000034	0.116421	0.172355	
TCGA-FG-6692	0.022861	0.131197	0.187101	0.013210	0.045128	0.000655	0.462862	0.136987	
TCGA-DU-6398	0.103685	0.133517	0.312522	0.140595	0.067444	0.000000	0.148297	0.093939	
TCGA-DB-A4XF	0.016310	0.127777	0.134139	0.106771	0.059108	0.000003	0.229216	0.326678	
TCGA-HW-7491	0.055871	0.085749	0.063855	0.024378	0.080702	0.000334	0.524047	0.165063	
TCGA-QH-A6X4	0.006153	0.130627	0.070975	0.002115	0.026097	0.000416	0.173360	0.590259	
TCGA-DB-5276	0.222786	0.043839	0.273754	0.119938	0.063315	0.000006	0.190668	0.085694	
TCGA-S9-A7R7	0.211685	0.123746	0.278915	0.037615	0.104077	0.000483	0.218323	0.025155	
TCGA-TM-A7C3	0.445011	0.070798	0.143307	0.108285	0.138931	0.000000	0.058210	0.035459	
TCGA-S9-A6U2	0.075662	0.118849	0.139719	0.016254	0.066533	0.000660	0.157629	0.424694	
TCGA-S9-A7R3	0.423840	0.039054	0.297142	0.042099	0.069419	0.003157	0.086748	0.038542	
TCGA-HW-7493	0.120869	0.197025	0.300564	0.080943	0.142521	0.001433	0.104801	0.051843	
TCGA-DB-5273	0.027430	0.104885	0.153976	0.049433	0.052859	0.000101	0.402200	0.209117	
TCGA-DB-A4XA	0.034192	0.094751	0.244318	0.027469	0.045558	0.000000	0.229930	0.323782	
TCGA-DB-A4XE	0.050052	0.113170	0.208089	0.076212	0.056392	0.000398	0.177592	0.318094	
TCGA-S9-A7IS	0.643853	0.028840	0.102063	0.081602	0.093966	0.000042	0.034152	0.015482	
TCGA-S9-A6UB	0.144129	0.043382	0.127770	0.006033	0.065911	0.054406	0.534701	0.023669	
TCGA-HT-7478	0.371266	0.074920	0.408419	0.032787	0.098667	0.000000	0.010571	0.003371	
TCGA-S9-A7IZ	0.370962	0.059194	0.132760	0.102801	0.108573	0.000180	0.135552	0.089977	
TCGA-CS-6186	0.383046	0.064588	0.112301	0.144554	0.120823	0.000165	0.038069	0.136454	
TCGA-HW-A5KJ	0.004547	0.106772	0.059740	0.022700	0.031329	0.000051	0.156390	0.618471	
TCGA-S9-A7R2	0.154845	0.127679	0.352394	0.003146	0.106561	0.000000	0.228504	0.026871	
TCGA-FG-7634	0.018225	0.071018	0.081804	0.058652	0.055141	0.000000	0.498719	0.216441	
TCGA-DB-5278	0.117055	0.075546	0.126608	0.089940	0.077250	0.000126	0.196799	0.316677	
TCGA-HT-7479	0.130898	0.118504	0.605566	0.013699	0.088497	0.000000	0.037617	0.005219	
TCGA-HW-A5KK	0.009602	0.162639	0.092094	0.031238	0.039481	0.000000	0.109205	0.555741	
TCGA-CS-5395	0.514033	0.042171	0.150715	0.095064	0.120629	0.000004	0.056729	0.020655	
TCGA-S9-A6WL	0.387900	0.058788	0.152990	0.039099	0.196770	0.003367	0.137987	0.023099	
TCGA-CS-6665	0.653509	0.024464	0.147725	0.067235	0.094010	0.000026	0.007712	0.005318	
TCGA-S9-A6U8	0.195460	0.169870	0.212314	0.047441	0.057637	0.001863	0.184978	0.130436	
TCGA-CS-5393	0.488809	0.040604	0.271664	0.083701	0.085661	0.000000	0.019935	0.009626	
TCGA-S9-A6U0	0.618448	0.037015	0.060363	0.050168	0.184706	0.000167	0.033642	0.015490	
TCGA-F6-A8O3	0.726277	0.016229	0.078123	0.040079	0.112262	0.000072	0.022522	0.004437	
TCGA-DB-A4X9	0.087120	0.062957	0.216476	0.074153	0.048341	0.000004	0.219202	0.291748	
TCGA-CS-4941	0.653229	0.017775	0.060571	0.131230	0.121782	0.000761	0.010769	0.003883	
TCGA-FG-A4MW	0.682339	0.018475	0.124693	0.079973	0.089634	0.000067	0.001703	0.003116	
TCGA-DU-6406	0.175602	0.240692	0.267097	0.073314	0.132235	0.000000	0.076769	0.034292	
TCGA-DU-5873	0.056088	0.046570	0.272406	0.027001	0.029610	0.000000	0.358198	0.210128	
TCGA-FG-A6IZ	0.130712	0.230970	0.175129	0.108550	0.149018	0.000000	0.038158	0.167462	
TCGA-FG-7638	0.022765	0.071947	0.156861	0.030122	0.032159	0.000000	0.256376	0.429771	
TCGA-DU-6396	0.047220	0.277271	0.374239	0.037730	0.077158	0.000000	0.088008	0.098374	
TCGA-DB-5279	0.055827	0.059594	0.249340	0.048289	0.040432	0.000895	0.229092	0.316532	
TCGA-S9-A7QW	0.612982	0.021103	0.236603	0.047897	0.054822	0.000013	0.022060	0.004520	
TCGA-DU-8163	0.003493	0.075364	0.095673	0.022824	0.024826	0.000000	0.428012	0.349807	
TCGA-DU-6393	0.118594	0.296179	0.257882	0.086493	0.129481	0.000000	0.041708	0.069663	
TCGA-S9-A6TX	0.445689	0.057934	0.093202	0.021163	0.108617	0.000432	0.158773	0.114189	
TCGA-S9-A7R4	0.506363	0.034435	0.183863	0.059564	0.075399	0.001174	0.073334	0.065870	
TCGA-DU-5851	0.060128	0.140733	0.388656	0.014932	0.053088	0.000000	0.257647	0.084816	
TCGA-DU-6407	0.015431	0.228465	0.382308	0.048830	0.037865	0.000000	0.103368	0.183732	
TCGA-FG-A4MU	0.439414	0.098648	0.167353	0.101334	0.150897	0.000000	0.029608	0.012747	
TCGA-FG-8187	0.172919	0.070864	0.245339	0.047879	0.058631	0.000011	0.284615	0.119742	
TCGA-S9-A7J2	0.254834	0.063153	0.162580	0.013001	0.096763	0.001147	0.283456	0.125065	
TCGA-DU-8167	0.006007	0.237770	0.217937	0.026142	0.082845	0.000000	0.139889	0.289411	
TCGA-TM-A7C5	0.228947	0.044209	0.095520	0.100503	0.097678	0.002015	0.327964	0.103165	
TCGA-DU-5872	0.106721	0.084997	0.183453	0.175238	0.071950	0.000000	0.163290	0.214353	
TCGA-DU-8161	0.202861	0.050403	0.145624	0.053419	0.063552	0.000000	0.359631	0.124511	
TCGA-FG-5964	0.006802	0.146564	0.143539	0.011890	0.033739	0.000050	0.287210	0.370205	
TCGA-S9-A6WP	0.522637	0.047283	0.057212	0.102011	0.131267	0.000357	0.036770	0.102463	
TCGA-DU-6408	0.049383	0.327773	0.340181	0.062972	0.103725	0.000000	0.043796	0.072170	
TCGA-DB-5275	0.257711	0.065209	0.223838	0.152051	0.080125	0.000006	0.167098	0.053961	
