PatientID	bin_1	bin_2	bin_3	bin_4	bin_5	bin_6	bin_7	bin_8	
TCGA-BP-4784	0.270218	0.130279	0.031034	0.121524	0.233546	0.000082	0.102254	0.111064	
TCGA-CZ-5459	0.315931	0.158695	0.014957	0.242952	0.021285	0.001507	0.070730	0.173944	
TCGA-B0-5707	0.180505	0.079614	0.013334	0.168013	0.347774	0.000667	0.075973	0.134120	
TCGA-BP-5184	0.098459	0.217431	0.090034	0.061627	0.179842	0.000003	0.184357	0.168247	
TCGA-BP-5182	0.206501	0.078410	0.043482	0.052064	0.415848	0.000175	0.125058	0.078462	
TCGA-CZ-5455	0.237433	0.090460	0.014791	0.189828	0.236925	0.013433	0.100817	0.116313	
TCGA-BP-5181	0.117552	0.203355	0.055042	0.178733	0.053121	0.000000	0.093929	0.298268	
TCGA-B0-4710	0.124139	0.068213	0.022556	0.088032	0.372477	0.005107	0.070594	0.248881	
TCGA-B0-5691	0.125326	0.100083	0.027974	0.174504	0.189236	0.000310	0.056100	0.326466	
TCGA-B0-5098	0.128981	0.103058	0.064146	0.130627	0.347544	0.000022	0.130262	0.095360	
TCGA-DV-5576	0.107523	0.101753	0.071294	0.033850	0.475456	0.000069	0.139003	0.071052	
TCGA-B0-5698	0.152234	0.060504	0.013350	0.063609	0.450160	0.000001	0.071268	0.188873	
TCGA-B0-4691	0.198984	0.142312	0.010857	0.340239	0.039394	0.000011	0.054823	0.213380	
TCGA-BP-4798	0.178992	0.136203	0.026137	0.244060	0.149693	0.000059	0.086346	0.178509	
TCGA-BP-4332	0.301223	0.114747	0.010264	0.064931	0.141782	0.000957	0.089390	0.276706	
TCGA-EU-5906	0.163443	0.162940	0.011801	0.226161	0.027937	0.000256	0.049595	0.357867	
TCGA-BP-4760	0.241471	0.126626	0.049170	0.084477	0.256355	0.000000	0.135372	0.106530	
TCGA-BP-4991	0.241591	0.162705	0.019805	0.124060	0.136623	0.000025	0.091678	0.223514	
TCGA-BP-4975	0.136725	0.087308	0.067359	0.043288	0.397030	0.000035	0.118413	0.149841	
TCGA-B0-4822	0.113492	0.185457	0.019828	0.338953	0.042317	0.000050	0.063184	0.236719	
TCGA-B0-5693	0.171454	0.128112	0.022558	0.186883	0.176199	0.000134	0.069955	0.244704	
TCGA-CZ-5467	0.130989	0.161961	0.047290	0.235666	0.110427	0.000346	0.078005	0.235316	
TCGA-CZ-5989	0.124024	0.217489	0.013145	0.131774	0.119328	0.000118	0.108042	0.286080	
TCGA-AK-3440	0.219492	0.060596	0.007601	0.035073	0.382375	0.000000	0.057614	0.237248	
TCGA-BP-4977	0.300040	0.149884	0.012424	0.227952	0.046907	0.000799	0.081717	0.180277	
TCGA-CZ-5987	0.160759	0.092771	0.006889	0.088415	0.319175	0.000023	0.093491	0.238476	
TCGA-BP-4787	0.123335	0.145068	0.106978	0.160286	0.254578	0.000000	0.148342	0.061413	
TCGA-EU-5904	0.144165	0.170373	0.008511	0.264806	0.012956	0.000005	0.044548	0.354635	
TCGA-B0-4694	0.193376	0.139061	0.004747	0.254246	0.071793	0.000114	0.061286	0.275377	
TCGA-BP-4327	0.230004	0.122812	0.028952	0.224278	0.139585	0.000464	0.080263	0.173642	
TCGA-BP-4795	0.260091	0.149823	0.033918	0.098795	0.144354	0.000039	0.118161	0.194818	
TCGA-BP-4756	0.227139	0.198718	0.028536	0.226864	0.080606	0.000123	0.156861	0.081153	
TCGA-BP-5001	0.200110	0.199403	0.029382	0.172628	0.052105	0.000027	0.090614	0.255732	
TCGA-BP-4775	0.119469	0.116795	0.053361	0.059050	0.408987	0.000593	0.108243	0.133503	
TCGA-BP-4968	0.134734	0.193531	0.066003	0.104867	0.163265	0.001535	0.112562	0.223503	
TCGA-AK-3465	0.167799	0.056574	0.002627	0.015413	0.496857	0.000000	0.049209	0.211520	
TCGA-B0-4849	0.158592	0.147541	0.038013	0.325678	0.097997	0.000033	0.066285	0.165862	
TCGA-BP-4804	0.245988	0.140702	0.020977	0.088895	0.228727	0.002332	0.094229	0.178150	
TCGA-B0-4945	0.237511	0.125824	0.006755	0.227511	0.110659	0.000285	0.064877	0.226578	
TCGA-B0-4814	0.130320	0.140566	0.014383	0.387148	0.005554	0.000061	0.039573	0.282394	
TCGA-B0-5119	0.092472	0.140606	0.029823	0.135214	0.130684	0.000095	0.065909	0.405197	
TCGA-BP-5169	0.146307	0.160420	0.059956	0.156749	0.187690	0.000051	0.145849	0.142979	
TCGA-B0-4817	0.280581	0.100864	0.003615	0.345789	0.041209	0.000011	0.053974	0.173957	
TCGA-B0-5085	0.191777	0.131420	0.026177	0.207411	0.125576	0.000221	0.069830	0.247587	
TCGA-A3-3376	0.390134	0.111160	0.006385	0.259753	0.006811	0.000022	0.049996	0.175738	
TCGA-DV-5569	0.101942	0.137342	0.054291	0.112739	0.309001	0.000098	0.122322	0.162266	
TCGA-BP-4343	0.121680	0.158601	0.092486	0.233033	0.164383	0.000008	0.115840	0.113968	
TCGA-CZ-5451	0.089606	0.182013	0.012113	0.253229	0.074588	0.000178	0.063697	0.324576	
TCGA-BP-4344	0.161858	0.151389	0.045609	0.102973	0.250986	0.000308	0.095310	0.191567	
TCGA-BP-4970	0.141488	0.128483	0.073065	0.131368	0.311944	0.000153	0.130353	0.083147	
TCGA-B0-4707	0.108326	0.053988	0.019361	0.027944	0.492161	0.000341	0.080105	0.217773	
TCGA-B0-5100	0.131086	0.075266	0.018711	0.053999	0.324514	0.000076	0.066864	0.329483	
TCGA-B0-4714	0.207054	0.111293	0.010480	0.218063	0.087884	0.000024	0.053266	0.311935	
TCGA-B0-5711	0.170028	0.132221	0.019335	0.236806	0.105506	0.000069	0.062377	0.273658	
TCGA-B8-5550	0.181917	0.114084	0.046927	0.196160	0.249183	0.000046	0.122248	0.089434	
TCGA-B8-5553	0.192253	0.076402	0.017265	0.093835	0.407830	0.000101	0.076760	0.135555	
TCGA-B0-5109	0.257784	0.191689	0.031355	0.239536	0.037562	0.008056	0.106880	0.127138	
TCGA-BP-4354	0.204287	0.146623	0.018645	0.227516	0.160588	0.000126	0.104494	0.137721	
TCGA-CZ-5458	0.124963	0.165495	0.039332	0.111071	0.193974	0.000789	0.088288	0.276088	
TCGA-B2-5633	0.137660	0.108131	0.059535	0.145464	0.246224	0.000775	0.075341	0.226869	
TCGA-B0-5104	0.188533	0.160177	0.021555	0.327050	0.046954	0.001056	0.060055	0.194620	
TCGA-B2-5635	0.153711	0.111417	0.041407	0.139804	0.240029	0.000000	0.068895	0.244736	
TCGA-B0-4697	0.126642	0.106086	0.021462	0.102609	0.297251	0.000021	0.077485	0.268445	
TCGA-BP-4766	0.133018	0.228666	0.071461	0.157680	0.105099	0.000007	0.146458	0.157610	
TCGA-B0-4699	0.118694	0.101036	0.018264	0.114435	0.398456	0.000016	0.081025	0.168073	
TCGA-B8-4151	0.128408	0.079528	0.022421	0.101790	0.420701	0.000072	0.070950	0.176130	
TCGA-BP-4807	0.170880	0.111238	0.043339	0.120401	0.371174	0.000022	0.113209	0.069737	
TCGA-BP-5196	0.362449	0.104405	0.034126	0.385367	0.006211	0.000000	0.073052	0.034391	
TCGA-B0-4703	0.123514	0.079952	0.045193	0.081582	0.439495	0.000032	0.099743	0.130490	
TCGA-BP-4176	0.105503	0.218057	0.117816	0.175271	0.132188	0.000142	0.171049	0.079974	
TCGA-B0-4827	0.127339	0.122778	0.086204	0.149222	0.260166	0.000062	0.163413	0.090817	
TCGA-BP-4986	0.131407	0.174229	0.105521	0.116799	0.199817	0.000002	0.178274	0.093951	
TCGA-BP-5186	0.110191	0.141031	0.066047	0.082961	0.310864	0.000012	0.110134	0.178759	
TCGA-BP-4993	0.259884	0.141845	0.023838	0.167058	0.131970	0.000528	0.097800	0.177077	
TCGA-BP-4165	0.264940	0.137563	0.009597	0.183416	0.027672	0.000487	0.069673	0.306653	
TCGA-BP-4790	0.121427	0.100462	0.098498	0.060588	0.367235	0.000200	0.141839	0.109750	
TCGA-BP-4349	0.135575	0.163343	0.048568	0.163963	0.136300	0.000057	0.094295	0.257899	
TCGA-BP-4342	0.191746	0.178569	0.047080	0.227018	0.081265	0.003695	0.120850	0.149778	
TCGA-BP-4158	0.137398	0.134818	0.052397	0.132705	0.175296	0.000039	0.080628	0.286720	
TCGA-BP-4341	0.262207	0.198140	0.067991	0.140911	0.085296	0.000819	0.128318	0.116318	
TCGA-B0-5084	0.130140	0.199512	0.028114	0.435675	0.051909	0.000001	0.061276	0.093372	
TCGA-BP-4174	0.124234	0.129435	0.055385	0.142187	0.326250	0.000224	0.125385	0.096900	
TCGA-CZ-5463	0.229373	0.096769	0.017845	0.093299	0.237992	0.000226	0.064067	0.260429	
TCGA-B0-5115	0.181357	0.163679	0.012286	0.408528	0.008664	0.001033	0.051922	0.172531	
TCGA-B0-5083	0.107347	0.130633	0.046144	0.336424	0.198750	0.000116	0.081254	0.099333	
TCGA-B0-4821	0.156175	0.088152	0.008130	0.074586	0.295414	0.000163	0.067913	0.309467	
TCGA-CZ-5457	0.214077	0.123794	0.041983	0.301329	0.165916	0.000214	0.078857	0.073831	
TCGA-B0-5094	0.162233	0.203369	0.044326	0.216640	0.039844	0.001946	0.143201	0.188441	
TCGA-BP-4781	0.237859	0.124318	0.041742	0.146876	0.172321	0.000207	0.106601	0.170076	
TCGA-BP-4163	0.205614	0.168152	0.047800	0.328863	0.047918	0.001005	0.093698	0.106949	
TCGA-B8-5546	0.138475	0.132007	0.011138	0.162315	0.079191	0.000000	0.068727	0.408146	
TCGA-B0-5700	0.161917	0.145578	0.005648	0.057930	0.144345	0.000008	0.072223	0.412351	
TCGA-BP-4771	0.200465	0.135770	0.051977	0.229989	0.155648	0.000028	0.124512	0.101611	
TCGA-BP-4325	0.125168	0.159239	0.044694	0.094518	0.132775	0.000000	0.086138	0.357468	
TCGA-B8-4620	0.139564	0.141857	0.024054	0.265278	0.057750	0.000074	0.057064	0.314357	
TCGA-B2-4099	0.185312	0.098192	0.022807	0.119197	0.319043	0.000542	0.071556	0.183350	
TCGA-AK-3447	0.244683	0.108154	0.000398	0.168232	0.012257	0.000005	0.037288	0.428984	
TCGA-BP-4999	0.236678	0.134238	0.032537	0.145680	0.195193	0.000524	0.083864	0.171284	
TCGA-BP-4335	0.193661	0.118253	0.012765	0.139875	0.124587	0.000359	0.063325	0.347175	
TCGA-B0-5106	0.329555	0.096136	0.012501	0.338124	0.067572	0.000311	0.065586	0.090216	
TCGA-B0-5108	0.189043	0.134089	0.022358	0.262677	0.140173	0.000531	0.067159	0.183969	
TCGA-B0-5402	0.167053	0.184848	0.034382	0.307597	0.085621	0.000027	0.087288	0.133185	
TCGA-BP-5010	0.175023	0.164573	0.068056	0.227886	0.103035	0.000000	0.129050	0.132377	
TCGA-B0-4713	0.153180	0.143555	0.005878	0.492859	0.004616	0.000091	0.049020	0.150802	
TCGA-B0-5690	0.162029	0.130148	0.021977	0.185602	0.206500	0.000120	0.066490	0.227134	
TCGA-B0-4819	0.164293	0.099678	0.039399	0.103681	0.314512	0.004567	0.080355	0.193514	
TCGA-B0-5117	0.087466	0.123564	0.093250	0.112775	0.315998	0.000017	0.149590	0.117340	
TCGA-A3-3370	0.245407	0.149180	0.008552	0.096195	0.076895	0.000015	0.068481	0.355274	
TCGA-B0-4815	0.184980	0.091892	0.034234	0.116646	0.375313	0.000245	0.093010	0.103681	
TCGA-BP-5168	0.261838	0.179455	0.039352	0.130998	0.061258	0.000005	0.106833	0.220262	
TCGA-BP-4331	0.294501	0.042386	0.024021	0.095219	0.407054	0.000333	0.101979	0.034507	
TCGA-BP-4329	0.257094	0.124156	0.027410	0.258436	0.094835	0.000434	0.079410	0.158225	
TCGA-BP-4167	0.271690	0.220591	0.018678	0.140839	0.065109	0.001763	0.140986	0.140344	
TCGA-B0-4843	0.196320	0.185424	0.028324	0.340234	0.019719	0.000198	0.092572	0.137210	
TCGA-B0-5102	0.344504	0.139321	0.010929	0.291863	0.014151	0.000619	0.071344	0.127268	
TCGA-A3-3351	0.487285	0.125198	0.015772	0.148458	0.006641	0.000003	0.088168	0.128474	
TCGA-BP-4971	0.150294	0.180508	0.041648	0.126568	0.214187	0.000000	0.122794	0.164002	
TCGA-BP-4964	0.348167	0.162350	0.027948	0.133211	0.059359	0.000400	0.142781	0.125783	
TCGA-B0-4839	0.219961	0.071900	0.017613	0.160270	0.355606	0.000042	0.065992	0.108616	
TCGA-BP-4799	0.217480	0.187918	0.056560	0.192599	0.110227	0.000094	0.156943	0.078179	
TCGA-BP-5008	0.102506	0.095124	0.093182	0.047920	0.438201	0.000082	0.160026	0.062960	
TCGA-BP-4992	0.257563	0.209615	0.010692	0.171654	0.034997	0.001124	0.107585	0.206771	
TCGA-B8-5549	0.228937	0.085444	0.044077	0.207540	0.273928	0.000201	0.084468	0.075406	
TCGA-BP-4345	0.097307	0.088092	0.131067	0.076713	0.394180	0.000011	0.150551	0.062078	
TCGA-BP-4162	0.226187	0.139431	0.011110	0.214920	0.067911	0.000126	0.058438	0.281878	
TCGA-BP-5192	0.106084	0.094364	0.056912	0.033274	0.462909	0.000543	0.135792	0.110122	
TCGA-A3-3374	0.259804	0.059245	0.076424	0.167575	0.322971	0.000004	0.076734	0.037243	
TCGA-B0-5099	0.227223	0.079508	0.012834	0.154132	0.251739	0.000092	0.061647	0.212824	
TCGA-BP-4769	0.155783	0.192120	0.110519	0.141098	0.182200	0.000057	0.167645	0.050578	
TCGA-CZ-5982	0.142940	0.188996	0.003273	0.080029	0.005264	0.000000	0.048997	0.530501	
TCGA-B2-4102	0.097873	0.054232	0.046868	0.029993	0.578756	0.000021	0.105725	0.086532	
TCGA-B0-4813	0.188730	0.128859	0.012920	0.216321	0.134684	0.000010	0.062508	0.255969	
TCGA-A3-3387	0.380160	0.121686	0.011604	0.293568	0.012870	0.000030	0.074953	0.105130	
TCGA-BP-5180	0.120169	0.088341	0.060829	0.095989	0.426212	0.000018	0.108300	0.100141	
TCGA-B0-4841	0.136719	0.187733	0.020905	0.233035	0.068841	0.000001	0.072621	0.280144	
TCGA-BP-4965	0.106106	0.144109	0.142717	0.076660	0.274534	0.000040	0.149409	0.106426	
TCGA-EU-5907	0.199162	0.179264	0.014175	0.380078	0.026478	0.000128	0.060915	0.139799	
TCGA-BP-4960	0.197036	0.122718	0.033863	0.344166	0.109779	0.000398	0.079546	0.112494	
TCGA-BP-4159	0.332205	0.092192	0.020318	0.210931	0.137614	0.000258	0.068549	0.137933	
TCGA-B0-5077	0.088876	0.060801	0.058054	0.073838	0.505408	0.000204	0.087918	0.124900	
TCGA-DV-5568	0.164014	0.112201	0.060427	0.108838	0.338372	0.000000	0.107458	0.108689	
TCGA-A3-3343	0.390487	0.114531	0.006052	0.210823	0.025625	0.000114	0.060399	0.191969	
TCGA-BP-4981	0.133142	0.179807	0.039095	0.276839	0.044327	0.001905	0.079924	0.244962	
TCGA-BP-4337	0.264381	0.138567	0.021681	0.235746	0.111918	0.000350	0.101112	0.126245	
TCGA-B0-5702	0.133941	0.072297	0.024838	0.032977	0.518726	0.000748	0.095665	0.120809	
TCGA-B0-4838	0.096537	0.224518	0.017238	0.355160	0.002175	0.000046	0.058920	0.245408	
TCGA-BP-5000	0.376677	0.121565	0.010393	0.188387	0.062864	0.000029	0.087940	0.152146	
TCGA-B0-5110	0.221568	0.138776	0.015713	0.127509	0.139466	0.000072	0.070540	0.286357	
TCGA-CZ-5464	0.201280	0.195812	0.021978	0.249350	0.061788	0.000002	0.084110	0.185680	
TCGA-B0-4701	0.076659	0.049935	0.053622	0.035483	0.564449	0.000038	0.100879	0.118935	
TCGA-BP-4160	0.204147	0.147795	0.076059	0.152679	0.154568	0.000716	0.130762	0.133275	
TCGA-CZ-5456	0.163410	0.096593	0.047863	0.230545	0.243632	0.000860	0.080243	0.136853	
TCGA-BP-4969	0.104457	0.167251	0.080735	0.174843	0.183816	0.000000	0.124501	0.164398	
TCGA-BP-5173	0.174607	0.083115	0.047452	0.082519	0.398426	0.000167	0.130271	0.083443	
TCGA-B0-5088	0.098213	0.063109	0.045900	0.045484	0.433080	0.000147	0.078587	0.235479	
TCGA-BP-4169	0.255010	0.169697	0.010268	0.131753	0.026605	0.000844	0.065020	0.340803	
TCGA-BP-4982	0.153437	0.134899	0.053154	0.093023	0.263821	0.000002	0.104697	0.196967	
TCGA-CZ-5454	0.075550	0.265381	0.016596	0.185230	0.025124	0.000016	0.071875	0.360228	
TCGA-B0-4848	0.259151	0.106830	0.010216	0.331189	0.061134	0.000038	0.055412	0.176030	
TCGA-BP-4763	0.089402	0.151167	0.172938	0.064327	0.274662	0.000056	0.191949	0.055499	
TCGA-BP-4961	0.299286	0.180810	0.021953	0.084029	0.050459	0.000717	0.082728	0.280018	
TCGA-CZ-5461	0.137039	0.170456	0.024792	0.264175	0.079710	0.000089	0.079274	0.244465	
TCGA-B0-4698	0.243710	0.128333	0.021462	0.124059	0.172207	0.002201	0.112288	0.195740	
TCGA-A3-3347	0.396249	0.180165	0.010920	0.195952	0.017037	0.000000	0.119204	0.080473	
TCGA-CZ-5466	0.132558	0.122573	0.040070	0.204837	0.267178	0.000394	0.095006	0.137384	
TCGA-BP-4161	0.232912	0.189308	0.018222	0.239605	0.053090	0.000060	0.117348	0.149455	
TCGA-DV-5565	0.174967	0.175177	0.048205	0.096885	0.150193	0.000012	0.118512	0.236049	
TCGA-BP-4340	0.180517	0.118432	0.014239	0.327469	0.090165	0.000005	0.060645	0.208527	
TCGA-BP-5006	0.098273	0.187338	0.106347	0.070513	0.231126	0.000003	0.167311	0.139088	
TCGA-A3-3349	0.421607	0.104613	0.013931	0.187042	0.019574	0.000000	0.056795	0.196438	
TCGA-B0-4836	0.205096	0.112651	0.035271	0.332396	0.148020	0.000042	0.072533	0.093991	
TCGA-B0-5713	0.183733	0.124367	0.014186	0.156497	0.212555	0.000141	0.075047	0.233475	
TCGA-B0-5695	0.122335	0.126942	0.019823	0.089237	0.156611	0.000017	0.062421	0.422613	
TCGA-BP-5194	0.131231	0.152213	0.053966	0.107091	0.259535	0.000074	0.085703	0.210187	
TCGA-B0-5081	0.160005	0.170901	0.022697	0.370533	0.022936	0.000037	0.063258	0.189632	
TCGA-BP-4803	0.173859	0.111748	0.027939	0.110170	0.322938	0.000014	0.081283	0.172050	
TCGA-BP-4985	0.189251	0.151180	0.065558	0.177033	0.179204	0.000000	0.146258	0.091515	
TCGA-BP-4166	0.280161	0.104382	0.013717	0.246837	0.181216	0.000320	0.097786	0.075581	
TCGA-B8-5551	0.217467	0.039570	0.083629	0.113357	0.421350	0.000000	0.069906	0.054720	
TCGA-B0-5107	0.154174	0.123669	0.030144	0.209472	0.230467	0.000001	0.085770	0.166302	
TCGA-BP-4782	0.276438	0.136310	0.019713	0.070524	0.202718	0.000240	0.129157	0.164900	
TCGA-A3-3367	0.290854	0.129890	0.003079	0.242255	0.027107	0.000005	0.047502	0.259308	
TCGA-B0-5120	0.074335	0.090721	0.031472	0.017574	0.500814	0.000237	0.099898	0.184948	
TCGA-B0-5113	0.105859	0.167249	0.027036	0.165295	0.191019	0.000082	0.075331	0.268129	
TCGA-B0-4844	0.152394	0.160723	0.022226	0.438397	0.027243	0.000592	0.070018	0.128408	
TCGA-B0-4846	0.154291	0.155749	0.011448	0.403030	0.003911	0.000009	0.048118	0.223443	
TCGA-A3-3362	0.342646	0.147050	0.002831	0.192168	0.008334	0.000000	0.046878	0.260092	
TCGA-B0-4816	0.160714	0.205604	0.010849	0.243117	0.075128	0.000232	0.082990	0.221365	
TCGA-B0-4712	0.169916	0.145168	0.017814	0.296341	0.121198	0.000376	0.077657	0.171529	
TCGA-CZ-5453	0.138913	0.156367	0.004725	0.121301	0.068695	0.000932	0.065245	0.443822	
TCGA-BP-4776	0.211708	0.179637	0.073686	0.142511	0.073376	0.000601	0.140485	0.177996	
TCGA-BP-4995	0.091811	0.256922	0.119115	0.101634	0.114714	0.000450	0.187684	0.127670	
TCGA-A3-3357	0.359517	0.123916	0.007335	0.270457	0.048312	0.000190	0.069407	0.120868	
TCGA-B2-4101	0.148288	0.025833	0.040518	0.039903	0.610664	0.000018	0.076468	0.058309	
TCGA-BP-4765	0.105437	0.134367	0.128325	0.073393	0.300394	0.000000	0.158266	0.099817	
TCGA-BP-4972	0.161323	0.217904	0.066035	0.107311	0.119389	0.000428	0.154352	0.173257	
TCGA-B0-5697	0.114001	0.080857	0.018748	0.062393	0.438227	0.000068	0.081833	0.203873	
TCGA-BP-5177	0.307857	0.141535	0.011013	0.102704	0.063017	0.000008	0.079104	0.294762	
TCGA-B2-3923	0.157296	0.042549	0.023156	0.070507	0.530160	0.000000	0.062404	0.113929	
TCGA-B8-5545	0.278075	0.074485	0.030395	0.115464	0.363099	0.000489	0.080560	0.057433	
TCGA-B0-5399	0.072301	0.166571	0.128219	0.077140	0.185073	0.000004	0.139736	0.230956	
TCGA-BP-5202	0.390811	0.077734	0.023480	0.042236	0.256754	0.000582	0.112680	0.095723	
TCGA-AS-3777	0.262917	0.085677	0.006042	0.129583	0.256380	0.000000	0.069115	0.190286	
TCGA-BP-5199	0.139894	0.140235	0.114523	0.082252	0.222881	0.000339	0.138756	0.161119	
TCGA-BP-4164	0.257891	0.129786	0.010974	0.273030	0.116157	0.000522	0.082251	0.129390	
TCGA-B0-5080	0.187285	0.157144	0.030943	0.179729	0.146483	0.000886	0.072632	0.224898	
TCGA-BP-4759	0.212207	0.131049	0.022749	0.137577	0.151843	0.000001	0.070823	0.273751	
TCGA-B0-4696	0.135177	0.069825	0.048530	0.160960	0.407646	0.000092	0.065983	0.111787	
TCGA-BP-4761	0.130443	0.199890	0.099881	0.212573	0.120516	0.000001	0.143397	0.093299	
TCGA-B0-5710	0.203645	0.141323	0.023494	0.134001	0.180889	0.000736	0.083423	0.232489	
TCGA-B2-5639	0.105049	0.105975	0.072647	0.147384	0.359636	0.000101	0.094731	0.114476	
TCGA-B0-5699	0.135418	0.125354	0.021518	0.219606	0.178530	0.000033	0.069431	0.250110	
TCGA-B0-5092	0.157020	0.209617	0.029009	0.350201	0.008742	0.000441	0.078281	0.166689	
TCGA-B0-5709	0.267195	0.108900	0.004924	0.300255	0.080069	0.000081	0.059149	0.179426	
TCGA-BP-4355	0.186962	0.144003	0.090434	0.132726	0.199372	0.000090	0.175273	0.071140	
TCGA-B0-5705	0.166316	0.096437	0.011700	0.147157	0.346548	0.000009	0.076012	0.155821	
TCGA-B0-5706	0.185209	0.109303	0.015351	0.117153	0.227187	0.000128	0.072535	0.273133	
TCGA-DV-5567	0.437491	0.105831	0.007107	0.107485	0.152386	0.000157	0.094401	0.095143	
TCGA-B2-4098	0.171305	0.060858	0.030825	0.183223	0.387966	0.000101	0.063245	0.102477	
TCGA-B0-4837	0.173449	0.140510	0.031907	0.324416	0.021250	0.000099	0.051929	0.256440	
TCGA-BP-4962	0.285032	0.146605	0.003792	0.297840	0.059001	0.000008	0.107327	0.100395	
TCGA-BP-4170	0.276694	0.150394	0.012858	0.147387	0.075429	0.000080	0.070734	0.266423	
TCGA-BP-4988	0.111171	0.152524	0.097328	0.152846	0.272353	0.000000	0.152347	0.061431	
TCGA-B0-4690	0.266475	0.062009	0.026307	0.172031	0.366943	0.000053	0.069856	0.036327	
TCGA-B0-4847	0.201525	0.120778	0.022236	0.272276	0.144477	0.000003	0.078088	0.160617	
TCGA-CZ-5462	0.188937	0.186949	0.019284	0.320638	0.046566	0.000274	0.064311	0.173043	
TCGA-BP-5195	0.101362	0.215380	0.099449	0.094786	0.191434	0.000000	0.159078	0.138511	
TCGA-BP-4777	0.110323	0.101083	0.108431	0.053324	0.411208	0.000091	0.136233	0.079307	
TCGA-BP-4998	0.176534	0.128131	0.056450	0.252598	0.219401	0.000072	0.110329	0.056486	
TCGA-BP-5170	0.149564	0.177159	0.068960	0.252577	0.137585	0.000020	0.119058	0.095076	
TCGA-B0-5812	0.173188	0.121330	0.022292	0.299352	0.126179	0.000002	0.055858	0.201799	
TCGA-BP-4173	0.229905	0.151110	0.013771	0.159835	0.088547	0.000348	0.087929	0.268554	
TCGA-B0-4824	0.115728	0.182286	0.023172	0.198922	0.055739	0.000232	0.069326	0.354596	
TCGA-B0-4828	0.149772	0.149143	0.007790	0.346452	0.010187	0.000008	0.042042	0.294607	
TCGA-B0-4700	0.107922	0.201627	0.082890	0.220288	0.104725	0.000118	0.118765	0.163665	
TCGA-BP-5178	0.133882	0.146977	0.074222	0.181178	0.222787	0.000000	0.143001	0.097953	
TCGA-B8-4154	0.152097	0.118046	0.023684	0.124389	0.225632	0.000000	0.072166	0.283987	
TCGA-CZ-5984	0.114728	0.157579	0.033344	0.282632	0.168172	0.000043	0.096368	0.147133	
TCGA-BP-4334	0.189382	0.093688	0.019633	0.386805	0.072371	0.000070	0.049836	0.188216	
TCGA-DV-5566	0.100492	0.104989	0.052111	0.038271	0.379380	0.000004	0.111710	0.213044	
TCGA-CZ-5468	0.117378	0.169809	0.028001	0.200948	0.139259	0.000026	0.073280	0.271299	
TCGA-A3-3365	0.348838	0.156113	0.015287	0.166784	0.032233	0.000476	0.085022	0.195246	
TCGA-A3-3385	0.295146	0.105447	0.008309	0.143271	0.064455	0.000000	0.050213	0.333159	
TCGA-B0-4842	0.289129	0.115963	0.020955	0.326865	0.088341	0.000362	0.080117	0.078267	
TCGA-BP-4989	0.120778	0.187924	0.109070	0.171927	0.152677	0.000003	0.147553	0.110068	
TCGA-BP-5183	0.212941	0.185905	0.028478	0.202596	0.124050	0.001242	0.128934	0.115853	
TCGA-B0-4706	0.111855	0.145012	0.009049	0.079498	0.063015	0.000610	0.057959	0.533002	
TCGA-B0-4833	0.311364	0.101573	0.006098	0.310226	0.056269	0.000298	0.050954	0.163218	
TCGA-BP-4326	0.205832	0.082435	0.018752	0.082841	0.393494	0.000005	0.070500	0.146140	
TCGA-B0-5694	0.237805	0.183314	0.019160	0.218002	0.063419	0.000041	0.082649	0.195610	
TCGA-B0-4818	0.154742	0.067382	0.015004	0.050701	0.384808	0.000001	0.074948	0.252415	
TCGA-AK-3443	0.221957	0.158722	0.006124	0.151871	0.144640	0.000000	0.069809	0.246877	
TCGA-BP-4330	0.182233	0.132533	0.026809	0.136979	0.116096	0.000287	0.067607	0.337456	
TCGA-BP-5004	0.272528	0.093209	0.015728	0.116369	0.268148	0.000010	0.098894	0.135114	
TCGA-B2-5641	0.149818	0.136983	0.047542	0.087032	0.314005	0.000204	0.148525	0.115891	
TCGA-BP-4967	0.277118	0.136122	0.017619	0.245995	0.090052	0.000084	0.092106	0.140904	
TCGA-BP-4976	0.106565	0.110243	0.087154	0.080616	0.388160	0.000167	0.121977	0.105118	
TCGA-B0-5400	0.181500	0.119024	0.009480	0.132576	0.195714	0.000073	0.086855	0.274778	
TCGA-BP-4797	0.221660	0.142366	0.039198	0.150240	0.197689	0.000001	0.115156	0.133689	
TCGA-BP-4973	0.194730	0.137883	0.036140	0.245609	0.159001	0.000079	0.085153	0.141405	
TCGA-B0-5075	0.192184	0.098051	0.018949	0.155762	0.263588	0.000195	0.074204	0.197067	
TCGA-B8-4619	0.193754	0.039980	0.009501	0.065223	0.594536	0.000030	0.034447	0.062528	
TCGA-BP-4974	0.126189	0.201308	0.126127	0.151072	0.135198	0.000023	0.178208	0.081875	
TCGA-BP-4801	0.122800	0.203282	0.125494	0.058146	0.175707	0.000640	0.189065	0.124867	
TCGA-BP-5007	0.127278	0.203030	0.095662	0.110586	0.136189	0.000015	0.159048	0.168191	
TCGA-B0-4834	0.167358	0.085739	0.025860	0.322046	0.285587	0.000269	0.058820	0.054321	
TCGA-BP-4994	0.136947	0.165820	0.074590	0.230999	0.226798	0.000002	0.116150	0.048694	
TCGA-BP-4963	0.122173	0.159014	0.080996	0.143215	0.247516	0.000012	0.119907	0.127168	
TCGA-DV-5573	0.166143	0.090575	0.018165	0.063401	0.354486	0.000102	0.086241	0.220888	
TCGA-BP-5198	0.298245	0.155980	0.017049	0.237018	0.069717	0.000017	0.101690	0.120283	
TCGA-B8-4622	0.125790	0.118076	0.029015	0.071431	0.189390	0.000211	0.090967	0.375120	
TCGA-BP-4762	0.105096	0.106867	0.115617	0.054590	0.393457	0.000018	0.145497	0.078859	
TCGA-DV-5574	0.182971	0.177967	0.038818	0.138920	0.145604	0.000000	0.104808	0.210911	
TCGA-CZ-5985	0.131314	0.120120	0.010650	0.088908	0.261748	0.000162	0.085874	0.301224	
TCGA-EU-5905	0.205225	0.178489	0.018355	0.225672	0.088769	0.001013	0.072855	0.209623	
TCGA-BP-4768	0.102699	0.175456	0.073469	0.092193	0.228150	0.000009	0.145031	0.182992	
TCGA-BP-5009	0.187675	0.158636	0.044451	0.166792	0.185508	0.000039	0.111292	0.145608	
TCGA-B0-4693	0.143338	0.213812	0.071239	0.216243	0.111641	0.000026	0.104002	0.139699	
TCGA-BP-5187	0.155294	0.100133	0.079713	0.057445	0.362652	0.000466	0.128427	0.115871	
TCGA-B0-4688	0.139980	0.102900	0.020000	0.112361	0.332379	0.000660	0.071426	0.220294	
TCGA-B0-5696	0.215287	0.094186	0.020165	0.187867	0.276999	0.000050	0.075305	0.130141	
TCGA-B0-5692	0.171922	0.097548	0.006088	0.128656	0.245715	0.000020	0.070363	0.279688	
TCGA-A3-3358	0.319824	0.128367	0.006502	0.243571	0.014991	0.000659	0.054251	0.231836	
TCGA-B0-5703	0.191765	0.091766	0.007488	0.125553	0.237009	0.003316	0.074921	0.268182	
TCGA-BP-5191	0.200737	0.145761	0.044890	0.102545	0.253425	0.001338	0.124690	0.126614	
TCGA-BP-4346	0.141377	0.122802	0.078752	0.076173	0.249731	0.000041	0.114481	0.216643	
TCGA-B8-4621	0.288244	0.061259	0.041255	0.253661	0.234057	0.000260	0.073888	0.047377	
TCGA-B2-5636	0.068316	0.055987	0.071311	0.022330	0.575779	0.000026	0.094609	0.111642	
TCGA-CZ-5460	0.186859	0.098143	0.016820	0.220132	0.256055	0.000054	0.066703	0.155234	
TCGA-BP-4987	0.164394	0.181234	0.038057	0.128131	0.056255	0.000022	0.078922	0.352986	
TCGA-BP-5175	0.122355	0.116830	0.084014	0.081629	0.373264	0.000006	0.119727	0.102175	
TCGA-B0-5116	0.174780	0.188029	0.042217	0.340924	0.054144	0.000092	0.076696	0.123118	
TCGA-CZ-5986	0.155043	0.138381	0.010451	0.161043	0.142869	0.000028	0.067953	0.324233	
TCGA-AK-3427	0.194463	0.033965	0.004620	0.005820	0.579516	0.000020	0.066363	0.115233	
TCGA-B0-5712	0.158614	0.096980	0.019255	0.115908	0.346132	0.000149	0.072835	0.190128	
TCGA-B0-5095	0.142488	0.119870	0.028232	0.095454	0.299165	0.000023	0.093997	0.220770	
TCGA-BP-4959	0.118161	0.095769	0.098682	0.115167	0.382864	0.000090	0.129376	0.059890	
TCGA-BP-5190	0.163887	0.128947	0.062556	0.166797	0.257544	0.000041	0.132484	0.087744	
TCGA-B0-4823	0.192520	0.068471	0.019423	0.093632	0.361630	0.000812	0.075484	0.188028	
TCGA-BP-5189	0.145371	0.102743	0.071954	0.067636	0.385868	0.000284	0.138796	0.087347	
TCGA-BP-4774	0.135944	0.167187	0.071257	0.091333	0.228452	0.000286	0.108238	0.197303	
TCGA-BP-4338	0.184702	0.121501	0.092863	0.162789	0.223289	0.000006	0.130069	0.084780	
TCGA-BP-4352	0.118788	0.198114	0.131646	0.131699	0.153719	0.000006	0.135628	0.130401	
TCGA-B0-5121	0.133739	0.125319	0.061518	0.121053	0.260014	0.000043	0.110576	0.187738	
TCGA-B0-4718	0.204250	0.095569	0.004730	0.261823	0.093227	0.000003	0.043066	0.297333	
TCGA-B0-4852	0.178829	0.114375	0.018337	0.221061	0.105108	0.000137	0.053726	0.308427	
TCGA-CZ-5465	0.129616	0.117315	0.014630	0.130005	0.241418	0.000451	0.083403	0.283162	
TCGA-BP-5200	0.208954	0.136832	0.029169	0.184380	0.140355	0.004657	0.080134	0.215519	
TCGA-BP-5174	0.176048	0.095441	0.034838	0.127766	0.338554	0.000065	0.086875	0.140414	
TCGA-CZ-5470	0.176774	0.116099	0.009939	0.389011	0.102426	0.000016	0.052860	0.152876	
TCGA-B0-5096	0.316890	0.106792	0.008914	0.273449	0.010992	0.000365	0.042697	0.239900	
TCGA-AK-3433	0.318171	0.025077	0.000759	0.057706	0.396025	0.000011	0.025937	0.176314	
TCGA-DV-5575	0.131991	0.086123	0.045636	0.056332	0.420601	0.000006	0.105002	0.154308	
TCGA-CZ-5988	0.135528	0.162567	0.019401	0.174240	0.105635	0.000013	0.075018	0.327598	
TCGA-BP-4983	0.150764	0.204366	0.040378	0.267235	0.072457	0.000000	0.102079	0.162720	
TCGA-BP-4351	0.259859	0.133742	0.012560	0.261410	0.051395	0.000094	0.070576	0.210365	
TCGA-B0-4845	0.099300	0.177102	0.021358	0.442458	0.009440	0.000015	0.050173	0.200155	
TCGA-A3-3373	0.355310	0.139164	0.013910	0.193337	0.034744	0.000203	0.066663	0.196670	
TCGA-CZ-5469	0.117583	0.114292	0.072078	0.264912	0.214728	0.006604	0.108095	0.101708	
TCGA-B0-4811	0.148267	0.137119	0.029472	0.271124	0.204572	0.003575	0.105040	0.100832	
TCGA-B8-4143	0.363105	0.021788	0.175026	0.180615	0.202274	0.000109	0.050178	0.006905	
TCGA-B2-3924	0.123482	0.141246	0.041497	0.134845	0.191519	0.000004	0.078786	0.288621	
TCGA-B0-4810	0.178461	0.111796	0.022699	0.144045	0.252267	0.000087	0.086719	0.203927	
TCGA-BP-4758	0.200507	0.130126	0.017868	0.096845	0.239009	0.000052	0.079817	0.235776	
TCGA-BP-4353	0.235289	0.168449	0.033297	0.218952	0.103534	0.000447	0.126653	0.113378	
TCGA-BP-4789	0.190944	0.201090	0.046890	0.122150	0.145510	0.001577	0.099291	0.192549	
